kinematics:
  shoulder:
    x: 0
    y: 0
    z: 0.1627177552979804
    roll: -0
    pitch: 0
    yaw: 2.460380962854281e-08
  upper_arm:
    x: 0.0001718064647306738
    y: 0
    z: 0
    roll: 1.571731618916099
    pitch: 0
    yaw: 3.535703957022037e-06
  forearm:
    x: -0.4251197952564076
    y: 0
    z: 0
    roll: 0.002097659827232222
    pitch: -0.000303020890349939
    yaw: 1.286504311708003e-05
  wrist_1:
    x: -0.3928550321474011
    y: -0.0007074078889373797
    z: 0.133028405510311
    roll: 0.005317670449963075
    pitch: -0.002319167448995937
    yaw: 3.775192555060064e-07
  wrist_2:
    x: -5.45992600188954e-05
    y: -0.09979853300721574
    z: 4.007700703424475e-05
    roll: 1.570394747696765
    pitch: 0
    yaw: 5.047925022460749e-06
  wrist_3:
    x: 8.408508247139448e-05
    y: 0.09965783418945247
    z: 0.000143841756433528
    roll: 1.572239682028493
    pitch: 3.141592653589793
    yaw: 3.141592599860215
  hash: calib_12436054886878586020
